-45.38015 -10.063667 5.235944
-49.486885 40.042717 54.92871
-1.7123547 64.97015 -23.787174
9.833288 73.67982 -60.288166
-13.453201 -2.6332028 28.876469
-22.680403 33.377754 16.304083
-79.21827 0.1529026 13.54554
-99.15425 12.4749 -2.6069221
-130.33705 24.863735 -9.346356
-179.9647 69.3634 2.8870468
-165.81296 59.702484 20.280115
-173.47127 51.64099 -1.7057304
-148.66943 35.964752 -18.733461
-169.28331 46.03688 -31.163427
-193.45943 77.702484 -24.174595
-157.73097 83.93339 -9.042465
-120.044754 87.42243 -9.183037
-102.19487 98.42728 -41.59497
-77.1761 104.92229 -52.75342
2.0486374 6.8363476 63.77462
12.496419 10.159538 95.44524
-14.609914 13.358095 106.72916
-43.353603 25.069448 119.219284
-65.47801 34.89868 94.273506
-16.014954 89.17029 -84.1948
-16.834076 89.92899 -78.60514
-8.784859 89.297585 -80.47117
17.521059 82.784966 -83.88562
-44.639412 119.58827 -84.13148
-44.886826 119.58803 -69.877464
-28.616413 126.24123 -50.099934
-47.85221 120.023506 -31.768528
-36.315643 121.56259 -42.58532
-32.962555 120.6805 -31.665833
-49.734077 120.6805 -7.4608507
-48.68496 120.6805 54.363415