-105.506584 44.791695 -108.87174
-83.34807 42.562664 -82.30133
-104.81696 40.57498 11.355394
-106.35845 47.226547 51.550667
-127.01091 41.345455 -54.492306
-146.7322 41.90326 -21.081333
59.349308 57.7516 91.15509
79.28613 48.88273 56.598793
57.064228 19.985722 26.132582
100.61844 54.25374 -50.35742
120.20679 56.34935 -84.39193
152.66185 7.0878067 -132.58902
123.01764 16.169724 -142.45883
91.501595 22.485992 -151.92963
71.62071 34.71762 -173.88332
38.104866 51.72991 -180.66058
54.407494 46.472477 -178.89792
43.93352 60.914623 -148.0029
1.310091 63.6539 -142.97755
-42.708477 68.22226 -129.34285
-25.738552 55.360672 -66.48709